0,4
0,6
0,7
0,10
0,11
0,12
0,13
0,15
0,16
0,19
0,20
0,22
0,26
0,27
0,29
0,32
0,34
0,35
0,39
0,42
0,43
0,47
0,48
0,52
0,53
0,55
0,58
0,62
0,64
0,66
0,67
0,68
0,69
0,70
0,71
0,72
0,73
0,75
0,80
0,81
0,83
0,85
0,87
0,88
0,89
0,90
0,92
0,93
0,96
0,97
0,103
0,104
0,108
0,109
0,112
0,113
0,115
0,120
0,121
0,122
0,123
0,125
0,130
0,137
0,139
0,142
0,143
0,147
0,153
0,154
0,155
0,156
0,160
0,161
0,172
0,173
0,174
0,177
0,179
0,181
0,182
0,183
0,185
0,186
0,187
0,188
0,189
0,194
1,129
1,2
1,131
1,6
1,8
1,9
1,10
1,151
1,194
1,14
1,15
1,16
1,17
1,20
1,22
1,23
1,25
1,154
1,27
1,156
1,29
1,30
1,33
1,34
1,134
1,166
1,168
1,170
1,71
1,44
1,173
1,46
1,175
1,48
1,178
1,52
1,181
1,54
1,55
1,57
1,63
1,192
1,66
1,196
1,197
1,130
1,161
1,73
1,76
1,78
1,141
1,80
1,81
1,83
1,87
1,89
1,143
1,95
1,97
1,99
1,101
1,145
1,107
1,116
1,148
1,191
1,124
1,125
2,3
2,133
2,134
2,135
2,8
2,9
2,138
2,14
2,173
2,144
2,145
2,18
2,147
2,171
2,22
2,24
2,153
2,155
2,28
2,29
2,69
2,31
2,163
2,37
2,146
2,167
2,40
2,43
2,172
2,45
2,47
2,27
2,177
2,51
2,54
2,55
2,184
2,185
2,168
2,63
2,194
2,182
2,71
2,72
2,75
2,76
2,78
2,80
2,56
2,82
2,84
2,89
2,90
2,92
2,94
2,165
2,97
2,59
2,104
2,105
2,106
2,107
2,109
2,110
2,111
2,113
2,119
2,136
2,191
2,124
2,125
3,128
3,129
3,43
3,150
3,6
3,7
3,8
3,137
3,138
3,139
3,192
3,158
3,173
3,16
3,152
3,146
3,147
3,46
3,22
3,24
3,153
3,175
3,28
3,30
3,160
3,35
3,163
3,165
3,167
3,169
3,171
3,172
3,45
3,174
3,47
3,176
3,136
3,50
3,181
3,182
3,183
3,184
3,57
3,58
3,60
3,62
3,64
3,196
3,70
3,72
3,74
3,78
3,109
3,83
3,15
3,93
3,94
3,96
3,100
3,103
3,104
3,106
3,107
3,108
3,18
3,110
3,111
3,116
3,117
3,124
3,125
3,127
4,51
4,130
4,131
4,5
4,134
4,7
4,10
4,142
4,143
4,16
4,18
4,147
4,20
4,46
4,150
4,23
4,152
4,153
4,154
4,156
4,29
4,158
4,159
4,160
4,161
4,34
4,163
4,165
4,49
4,169
4,43
4,44
4,173
4,174
4,47
4,177
4,50
4,179
4,53
4,54
4,56
4,187
4,61
4,66
4,196
4,182
4,72
4,73
4,74
4,78
4,79
4,81
4,35
4,89
4,90
4,135
4,107
4,59
4,102
4,103
4,104
4,105
4,106
4,167
4,108
4,112
4,83
4,116
4,118
4,119
4,123
4,125
5,22
5,7
5,145
5,138
5,140
5,142
5,143
5,144
5,17
5,146
5,20
5,150
5,151
5,132
5,26
5,30
5,31
5,32
5,91
5,36
5,165
5,166
5,49
5,41
5,42
5,171
5,44
5,175
5,177
5,50
5,179
5,180
5,181
5,54
5,183
5,184
5,52
5,58
5,10
5,53
5,65
5,194
5,69
5,70
5,55
5,79
5,82
5,193
5,84
5,14
5,86
5,164
5,15
5,92
5,182
5,16
5,99
5,100
5,101
5,103
5,104
5,111
5,113
5,121
5,123
5,124
5,85
5,127
6,128
6,135
6,137
6,10
6,141
6,14
6,16
6,43
6,19
6,20
6,22
6,23
6,25
6,154
6,155
6,156
6,26
6,160
6,33
6,27
6,36
6,165
6,38
6,170
6,7
6,173
6,47
6,48
6,49
6,178
6,179
6,182
6,187
6,61
6,190
6,191
6,193
6,195
6,70
6,72
6,74
6,78
6,80
6,82
6,84
6,91
6,94
6,95
6,67
6,101
6,102
6,106
6,29
6,114
6,147
6,116
6,117
6,120
6,63
6,42
6,127
7,129
7,135
7,8
7,9
7,11
7,12
7,45
7,16
7,18
7,178
7,25
7,28
7,159
7,160
7,161
7,35
7,36
7,165
7,38
7,40
7,41
7,42
7,171
7,173
7,175
7,49
7,50
7,51
7,134
7,56
7,31
7,188
7,189
7,62
7,191
7,197
7,140
7,74
7,75
7,79
7,83
7,85
7,86
7,96
7,97
7,98
7,99
7,103
7,63
7,108
7,109
7,111
7,112
7,114
7,120
7,122
7,123
7,126
8,128
8,51
8,134
8,135
8,137
8,138
8,11
8,12
8,13
8,15
8,19
8,23
8,152
8,153
8,27
8,157
8,30
8,31
8,160
8,33
8,162
8,163
8,164
8,165
8,38
8,42
8,176
8,50
8,46
8,180
8,177
8,10
8,179
8,52
8,181
8,9
8,56
8,57
8,189
8,62
8,64
8,193
8,67
8,68
8,197
8,70
8,71
8,73
8,76
8,77
8,79
8,80
8,82
8,147
8,86
8,87
8,89
8,143
8,94
8,95
8,97
8,98
8,102
8,103
8,104
8,105
8,106
8,108
8,112
8,114
8,115
8,118
8,120
8,122
8,125
9,128
9,130
9,131
9,133
9,134
9,47
9,138
9,11
9,13
9,194
9,17
9,20
9,149
9,150
9,151
9,196
9,26
9,155
9,28
9,157
9,30
9,159
9,35
9,162
9,27
9,166
9,168
9,170
9,197
9,44
9,43
9,53
9,183
9,56
9,188
9,62
9,181
9,64
9,65
9,66
9,75
9,68
9,69
9,70
9,71
9,72
9,34
9,82
9,83
9,84
9,86
9,87
9,89
9,95
9,98
9,99
9,101
9,145
9,60
9,106
9,110
9,112
9,113
9,190
9,118
9,120
9,123
9,125
9,23
10,64
10,131
10,135
10,138
10,139
10,141
10,142
10,15
10,18
10,19
10,46
10,150
10,23
10,25
10,26
10,29
10,31
10,33
10,35
10,36
10,37
10,169
10,171
10,172
10,174
10,49
10,50
10,52
10,181
10,183
10,185
10,58
10,187
10,188
10,134
10,117
10,192
10,164
10,68
10,69
10,71
10,76
10,82
10,87
10,89
10,94
10,99
10,100
10,103
10,104
10,108
10,114
10,147
10,116
10,62
10,119
10,121
10,123
10,21
11,129
11,131
11,132
11,133
11,162
11,139
11,140
11,194
11,17
11,146
11,19
11,20
11,149
11,150
11,24
11,155
11,158
11,32
11,33
11,34
11,163
11,36
11,38
11,40
11,41
11,171
11,172
11,178
11,174
11,175
11,50
11,179
11,180
11,53
11,183
11,184
11,57
11,186
11,188
11,190
11,65
11,193
11,66
11,67
11,68
11,69
11,181
11,72
11,74
11,76
11,135
11,78
11,13
11,80
11,56
11,82
11,85
11,86
11,185
11,88
11,89
11,152
11,91
11,92
11,94
11,95
11,101
11,102
11,104
11,106
11,111
11,168
11,115
11,121
11,123
11,124
11,125
11,126
11,195
12,64
12,130
12,132
12,133
12,136
12,137
12,138
12,144
12,145
12,146
12,174
12,23
12,24
12,154
12,26
12,158
12,159
12,160
12,33
12,36
12,166
12,48
12,31
12,169
12,193
12,43
12,45
12,46
12,175
12,176
12,177
12,178
12,179
12,181
12,182
12,55
12,57
12,58
12,59
12,189
12,62
12,191
12,192
12,65
12,194
12,67
12,71
12,73
12,76
12,78
12,82
12,83
12,87
12,88
12,90
12,167
12,94
12,95
12,97
12,99
12,32
12,104
12,39
12,18
12,111
12,114
12,120
12,121
12,122
12,124
12,21
13,171
13,133
13,139
13,141
13,14
13,15
13,17
13,195
13,148
13,150
13,23
13,24
13,153
13,26
13,156
13,29
13,159
13,161
13,34
13,35
13,37
13,49
13,169
13,170
13,43
13,44
13,47
13,177
13,51
13,181
13,54
13,184
13,57
13,186
13,187
13,60
13,61
13,193
13,194
13,68
13,182
13,70
13,75
13,143
13,58
13,85
13,89
13,91
13,93
13,165
13,99
13,101
13,106
13,111
13,112
13,59
13,121
13,122
13,123
13,127
14,128
14,131
14,193
14,142
14,16
14,146
14,148
14,23
14,25
14,154
14,155
14,158
14,31
14,33
14,162
14,164
14,37
14,166
14,42
14,43
14,173
14,46
14,48
14,53
14,182
14,183
14,56
14,57
14,186
14,159
14,188
14,190
14,63
14,192
14,65
14,67
14,69
14,161
14,74
14,75
14,78
14,80
14,82
14,88
14,89
14,58
14,94
14,101
14,98
14,59
14,38
14,104
14,107
14,108
14,112
14,115
14,119
14,120
14,123
14,126
15,128
15,179
15,135
15,44
15,138
15,140
15,143
15,145
15,146
15,19
15,20
15,73
15,23
15,24
15,98
15,27
15,156
15,157
15,159
15,34
15,164
15,165
15,38
15,40
15,41
15,172
15,45
15,46
15,176
15,177
15,51
15,180
15,181
15,54
15,55
15,56
15,52
15,188
15,189
15,62
15,191
15,64
15,65
15,194
15,195
15,197
15,129
15,77
15,88
15,89
15,90
15,93
15,182
15,96
15,97
15,148
15,99
15,100
15,103
15,105
15,106
15,118
15,119
15,121
15,122
15,192
15,125
16,128
16,179
16,138
16,23
16,142
16,145
16,18
16,147
16,148
16,174
16,22
16,151
16,24
16,26
16,155
16,156
16,158
16,161
16,164
16,37
16,39
16,169
16,170
16,172
16,46
16,48
16,49
16,178
16,51
16,52
16,181
16,54
16,183
16,57
16,58
16,187
16,62
16,63
16,195
16,33
16,74
16,28
16,80
16,81
16,84
16,86
16,88
16,91
16,97
16,99
16,101
16,103
16,105
16,109
16,112
16,19
16,117
16,118
16,41
16,121
16,123
16,124
16,42
16,126
17,130
17,132
17,135
17,137
17,142
17,144
17,19
17,149
17,23
17,24
17,153
17,27
17,30
17,160
17,33
17,162
17,35
17,165
17,39
17,44
17,173
17,47
17,163
17,49
17,178
17,51
17,52
17,183
17,186
17,59
17,60
17,61
17,62
17,192
17,66
17,68
17,69
17,72
17,73
17,74
17,80
17,83
17,85
17,86
17,89
17,90
17,94
17,37
17,148
17,99
17,101
17,104
17,105
17,107
17,109
17,118
17,20
17,122
17,123
17,124
17,125
17,126
17,127
18,128
18,131
18,133
18,44
18,130
18,146
18,171
18,150
18,153
18,155
18,28
18,30
18,31
18,160
18,161
18,35
18,38
18,43
18,172
18,173
18,174
18,47
18,49
18,51
18,182
18,184
18,57
18,58
18,187
18,188
18,61
18,191
18,192
18,194
18,68
18,72
18,76
18,78
18,80
18,159
18,163
18,185
18,93
18,99
18,166
18,102
18,104
18,60
18,106
18,46
18,109
18,110
18,114
18,115
18,116
18,117
18,121
18,123
18,127
19,129
19,131
19,132
19,137
19,146
19,21
19,22
19,89
19,154
19,31
19,176
19,164
19,165
19,38
19,39
19,41
19,42
19,44
19,45
19,174
19,47
19,48
19,49
19,128
19,52
19,181
19,54
19,180
19,159
19,61
19,192
19,66
19,68
19,77
19,79
19,81
19,86
19,36
19,91
19,92
19,96
19,187
19,100
19,102
19,107
19,114
19,116
19,120
19,122
19,126
19,127
20,131
20,65
20,136
20,138
20,140
20,66
20,188
20,148
20,151
20,26
20,175
20,157
20,69
20,32
20,133
20,34
20,36
20,165
20,167
20,40
20,145
20,43
20,172
20,173
20,174
20,47
20,49
20,52
20,182
20,137
20,60
20,190
20,63
20,193
20,194
20,67
20,196
20,197
20,70
20,71
20,72
20,177
20,183
20,76
20,45
20,81
20,86
20,54
20,92
20,37
20,98
20,99
20,195
20,103
20,105
20,106
20,191
20,110
20,111
20,112
20,113
20,114
20,118
20,169
20,120
20,121
20,123
20,127
21,129
21,131
21,138
21,87
21,140
21,194
21,142
21,115
21,147
21,148
21,149
21,23
21,152
21,68
21,154
21,175
21,28
21,31
21,160
21,161
21,36
21,165
21,166
21,167
21,40
21,41
21,170
21,171
21,44
21,47
21,49
21,178
21,179
21,53
21,182
21,57
21,151
21,62
21,192
21,66
21,196
21,69
21,70
21,74
21,80
21,156
21,85
21,185
21,96
21,144
21,100
21,101
21,125
21,112
21,114
21,120
21,121
21,122
21,124
21,42
21,127
22,128
22,136
22,130
22,143
22,144
22,146
22,152
22,25
22,26
22,156
22,159
22,32
22,176
22,37
22,169
22,43
22,44
22,175
22,48
22,177
22,55
22,184
22,57
22,58
22,187
22,189
22,190
22,191
22,192
22,193
22,66
22,195
22,196
22,197
22,74
22,78
22,141
22,82
22,88
22,90
22,91
22,92
22,94
22,95
22,97
22,99
22,131
22,101
22,116
22,119
22,123
22,124
23,128
23,129
23,130
23,179
23,136
23,87
23,141
23,143
23,149
23,150
23,153
23,152
23,132
23,27
23,29
23,159
23,160
23,164
23,37
23,167
23,168
23,41
23,170
23,45
23,46
23,175
23,51
23,52
23,53
23,183
23,57
23,58
23,60
23,62
23,63
23,181
23,194
23,139
23,197
23,72
23,74
23,78
23,82
23,185
23,89
23,90
23,186
23,94
23,165
23,151
23,105
23,39
23,110
23,111
23,112
23,119
23,120
23,125
24,128
24,132
24,133
24,65
24,140
24,60
24,146
24,196
24,154
24,155
24,157
24,30
24,160
24,161
24,164
24,37
24,166
24,168
24,170
24,172
24,50
24,46
24,49
24,178
24,158
24,54
24,55
24,184
24,185
24,188
24,189
24,62
24,63
24,32
24,67
24,68
24,197
24,70
24,72
24,75
24,80
24,82
24,85
24,57
24,88
24,36
24,130
24,165
24,96
24,97
24,104
24,105
24,144
24,108
24,109
24,116
24,119
24,120
24,122
24,125
24,127
25,131
25,133
25,175
25,141
25,43
25,146
25,171
25,152
25,154
25,27
25,156
25,157
25,160
25,33
25,162
25,35
25,36
25,163
25,166
25,39
25,169
25,170
25,176
25,172
25,174
25,47
25,48
25,51
25,185
25,58
25,59
25,60
25,62
25,63
25,67
25,196
25,76
25,77
25,79
25,80
25,81
25,83
25,84
25,142
25,91
25,93
25,95
25,96
25,144
25,102
25,103
25,109
25,110
25,113
25,115
25,121
25,191
25,124
25,125
25,126
25,127
26,31
26,33
26,35
26,36
26,40
26,41
26,42
26,43
26,52
26,54
26,55
26,58
26,63
26,64
26,65
26,67
26,68
26,72
26,74
26,76
26,77
26,78
26,79
26,80
26,81
26,84
26,86
26,90
26,91
26,93
26,98
26,99
26,100
26,101
26,103
26,104
26,108
26,109
26,113
26,114
26,117
26,119
26,123
26,127
26,129
26,130
26,131
26,132
26,134
26,137
26,139
26,146
26,148
26,150
26,152
26,155
26,156
26,159
26,164
26,166
26,167
26,168
26,173
26,176
26,177
26,180
26,181
26,183
26,184
26,185
26,187
26,188
26,191
26,192
26,195
26,197
27,130
27,132
27,128
27,141
27,142
27,146
27,150
27,152
27,29
27,160
27,161
27,37
27,38
27,167
27,40
27,169
27,42
27,44
27,178
27,47
27,50
27,180
27,54
27,55
27,185
27,186
27,187
27,60
27,61
27,63
27,65
27,194
27,197
27,72
27,73
27,77
27,81
27,84
27,91
27,58
27,182
27,101
27,103
27,188
27,189
27,114
27,115
27,116
27,105
27,137
27,126
27,166
28,128
28,132
28,138
28,139
28,140
28,142
28,45
28,145
28,150
28,151
28,154
28,37
28,158
28,31
28,34
28,164
28,165
28,168
28,41
28,171
28,172
28,173
28,47
28,176
28,178
28,51
28,30
28,183
28,186
28,189
28,190
28,66
28,196
28,197
28,71
28,73
28,74
28,76
28,81
28,82
28,83
28,85
28,89
28,90
28,93
28,95
28,98
28,103
28,104
28,105
28,110
28,111
28,117
28,118
28,121
28,122
28,124
28,125
29,128
29,133
29,134
29,129
29,136
29,44
29,194
29,143
29,144
29,147
29,148
29,151
29,156
29,157
29,32
29,161
29,34
29,35
29,37
29,167
29,169
29,170
29,171
29,172
29,50
29,47
29,48
29,49
29,178
29,54
29,184
29,31
29,138
29,190
29,191
29,193
29,66
29,68
29,69
29,71
29,72
29,73
29,77
29,141
29,80
29,82
29,83
29,85
29,86
29,92
29,96
29,101
29,106
29,39
29,111
29,112
29,116
29,117
29,120
29,121
29,123
30,128
30,129
30,130
30,132
30,134
30,138
30,143
30,150
30,151
30,153
30,154
30,155
30,159
30,34
30,35
30,165
30,166
30,39
30,135
30,45
30,174
30,177
30,54
30,183
30,184
30,60
30,63
30,193
30,66
30,67
30,196
30,197
30,70
30,55
30,76
30,77
30,79
30,82
30,84
30,87
30,88
30,90
30,91
30,94
30,98
30,101
30,102
30,103
30,105
30,106
30,110
30,112
30,114
30,115
30,118
30,123
31,134
31,136
31,138
31,141
31,148
31,155
31,33
31,165
31,166
31,42
31,44
31,173
31,174
31,48
31,49
31,50
31,51
31,53
31,182
31,55
31,184
31,57
31,187
31,193
31,66
31,195
31,196
31,197
31,130
31,161
31,73
31,78
31,82
31,84
31,142
31,86
31,89
31,92
31,95
31,96
31,98
31,99
31,111
31,112
31,140
31,116
31,118
31,119
31,120
31,85
31,127
32,129
32,130
32,132
32,150
32,137
32,142
32,143
32,145
32,147
32,148
32,149
32,153
32,156
32,158
32,159
32,162
32,165
32,38
32,40
32,41
32,171
32,44
32,45
32,48
32,49
32,50
32,180
32,53
32,183
32,184
32,52
32,186
32,59
32,188
32,61
32,191
32,181
32,66
32,67
32,70
32,74
32,76
32,80
32,83
32,87
32,88
32,169
32,91
32,92
32,94
32,98
32,187
32,100
32,102
32,178
32,104
32,111
32,113
32,116
32,117
32,119
32,120
32,122
32,125
32,195
33,196
33,133
33,129
33,137
33,138
33,147
33,148
33,149
33,153
33,152
33,154
33,162
33,35
33,165
33,38
33,39
33,168
33,170
33,43
33,172
33,174
33,47
33,49
33,178
33,181
33,184
33,59
33,62
33,63
33,64
33,66
33,195
33,68
33,197
33,70
33,71
33,72
33,140
33,79
33,80
33,142
33,86
33,88
33,89
33,90
33,91
33,96
33,97
33,98
33,100
33,103
33,105
33,106
33,108
33,112
33,113
33,117
33,122
33,123
33,125
33,127
34,128
34,130
34,139
34,142
34,147
34,56
34,155
34,159
34,91
34,36
34,38
34,177
34,168
34,169
34,43
34,172
34,47
34,49
34,52
34,53
34,54
34,184
34,185
34,60
34,189
34,190
34,191
34,192
34,193
34,196
34,182
34,72
34,75
34,76
34,77
34,79
34,81
34,85
34,90
34,143
34,94
34,97
34,166
34,102
34,103
34,104
34,106
34,108
34,109
34,157
34,115
34,116
34,117
34,120
34,121
34,122
34,127
35,128
35,131
35,133
35,136
35,151
35,142
35,144
35,153
35,154
35,156
35,157
35,162
35,163
35,169
35,45
35,174
35,176
35,181
35,182
35,183
35,186
35,187
35,138
35,190
35,64
35,195
35,69
35,70
35,72
35,74
35,76
35,78
35,79
35,82
35,83
35,84
35,87
35,88
35,90
35,96
35,97
35,98
35,99
35,100
35,103
35,106
35,108
35,189
35,112
35,114
35,116
35,119
35,120
35,121
35,126
35,127
36,128
36,131
36,137
36,194
36,146
36,151
36,163
36,134
36,38
36,39
36,40
36,42
36,135
36,173
36,174
36,48
36,49
36,179
36,181
36,183
36,57
36,58
36,59
36,138
36,63
36,193
36,66
36,195
36,196
36,197
36,71
36,72
36,74
36,76
36,162
36,141
36,85
36,86
36,89
36,91
36,98
36,101
36,104
36,106
36,107
36,189
36,113
36,114
36,116
36,122
36,191
36,124
36,126
37,129
37,43
37,151
37,192
37,143
37,145
37,146
37,90
37,171
37,155
37,156
37,69
37,161
37,165
37,166
37,39
37,176
37,174
37,48
37,49
37,51
37,54
37,183
37,184
37,57
37,59
37,189
37,190
37,64
37,194
37,67
37,197
37,70
37,167
37,140
37,76
37,82
37,86
37,87
37,89
37,152
37,91
37,92
37,96
37,144
37,99
37,100
37,102
37,104
37,106
37,107
37,110
37,61
37,113
37,116
37,117
37,122
37,123
37,149
38,128
38,131
38,132
38,136
38,140
38,142
38,144
38,148
38,174
38,151
38,152
38,159
38,176
38,163
38,165
38,166
38,168
38,41
38,193
38,178
38,46
38,48
38,50
38,52
38,53
38,56
38,58
38,187
38,61
38,190
38,146
38,64
38,65
38,196
38,75
38,79
38,82
38,186
38,164
38,91
38,93
38,98
38,99
38,107
38,109
38,62
38,125
38,85
39,192
39,132
39,179
39,193
39,136
39,138
39,66
39,142
39,144
39,146
39,148
39,149
39,156
39,159
39,163
39,145
39,42
39,171
39,172
39,47
39,177
39,51
39,53
39,182
39,183
39,186
39,187
39,188
39,190
39,63
39,64
39,65
39,194
39,164
39,196
39,197
39,71
39,75
39,76
39,79
39,85
39,87
39,89
39,90
39,93
39,59
39,100
39,195
39,103
39,106
39,113
39,114
39,115
39,124
39,126
39,127
40,128
40,51
40,134
40,136
40,138
40,46
40,151
40,152
40,153
40,157
40,159
40,155
40,166
40,129
40,41
40,170
40,43
40,44
40,174
40,48
40,177
40,179
40,53
40,183
40,56
40,185
40,186
40,59
40,188
40,61
40,190
40,63
40,193
40,66
40,70
40,72
40,75
40,77
40,80
40,82
40,163
40,86
40,90
40,91
40,93
40,94
40,99
40,103
40,104
40,106
40,108
40,118
40,121
40,122
40,124
40,149
41,128
41,129
41,130
41,131
41,136
41,137
41,138
41,140
41,141
41,142
41,146
41,151
41,152
41,159
41,163
41,164
41,166
41,167
41,156
41,42
41,173
41,46
41,49
41,179
41,180
41,181
41,55
41,184
41,57
41,186
41,189
41,63
41,194
41,69
41,71
41,73
41,75
41,76
41,77
41,78
41,79
41,170
41,89
41,90
41,58
41,94
41,95
41,98
41,99
41,101
41,102
41,104
41,107
41,108
41,109
41,177
41,112
41,113
41,114
41,118
41,119
41,124
41,125
41,149
42,107
42,134
42,137
42,138
42,140
42,141
42,143
42,148
42,152
42,162
42,165
42,166
42,170
42,43
42,172
42,45
42,47
42,176
42,179
42,180
42,52
42,58
42,59
42,188
42,189
42,62
42,63
42,194
42,147
42,69
42,73
42,77
42,79
42,82
42,84
42,185
42,89
42,91
42,186
42,97
42,98
42,131
42,101
42,102
42,167
42,111
42,112
42,115
42,118
42,119
42,124
42,125
42,127
43,131
43,135
43,136
43,138
43,132
43,142
43,143
43,141
43,145
43,149
43,153
43,152
43,154
43,159
43,164
43,167
43,171
43,45
43,175
43,176
43,50
43,178
43,51
43,181
43,57
43,187
43,62
43,63
43,67
43,48
43,140
43,74
43,76
43,77
43,79
43,80
43,81
43,84
43,85
43,87
43,89
43,91
43,94
43,96
43,98
43,99
43,100
43,103
43,125
43,112
43,168
43,115
43,119
43,120
43,148
43,127
44,139
44,148
44,153
44,154
44,155
44,158
44,48
44,162
44,163
44,172
44,46
44,47
44,176
44,49
44,50
44,137
44,184
44,187
44,60
44,61
44,63
44,192
44,195
44,54
44,72
44,73
44,74
44,75
44,76
44,77
44,79
44,80
44,84
44,86
44,87
44,88
44,89
44,91
44,94
44,97
44,100
44,105
44,106
44,107
44,113
44,114
44,118
44,143
44,127
45,129
45,132
45,133
45,137
45,139
45,130
45,142
45,144
45,145
45,148
45,46
45,150
45,154
45,155
45,48
45,162
45,82
45,169
45,171
45,172
45,174
45,176
45,177
45,52
45,181
45,182
45,55
45,56
45,185
45,140
45,190
45,53
45,192
45,86
45,66
45,197
45,70
45,73
45,74
45,78
45,79
45,80
45,156
45,135
45,94
45,95
45,97
45,98
45,101
45,107
45,109
45,113
45,114
46,134
46,129
46,137
46,138
46,139
46,188
46,150
46,153
46,175
46,156
46,51
46,162
46,163
46,165
46,177
46,135
46,142
46,47
46,49
46,179
46,155
46,181
46,182
46,56
46,186
46,187
46,60
46,190
46,64
46,196
46,70
46,140
46,75
46,83
46,85
46,87
46,88
46,92
46,94
46,97
46,59
46,100
46,166
46,103
46,105
46,144
46,112
46,113
46,115
46,117
46,118
46,120
46,123
47,129
47,132
47,139
47,130
47,142
47,143
47,145
47,146
47,151
47,154
47,158
47,159
47,161
47,164
47,165
47,168
47,169
47,171
47,50
47,177
47,178
47,54
47,55
47,56
47,185
47,186
47,187
47,188
47,189
47,62
47,191
47,192
47,65
47,194
47,67
47,68
47,72
47,73
47,76
47,162
47,78
47,66
47,84
47,85
47,153
47,90
47,91
47,93
47,99
47,101
47,167
47,107
47,108
47,111
47,59
47,190
47,118
47,119
47,120
47,148
47,123
47,149
48,129
48,131
48,132
48,133
48,138
48,139
48,141
48,142
48,146
48,148
48,149
48,151
48,152
48,154
48,155
48,158
48,160
48,161
48,162
48,163
48,49
48,168
48,170
48,172
48,177
48,179
48,180
48,181
48,54
48,183
48,58
48,188
48,61
48,62
48,192
48,66
48,182
48,74
48,76
48,81
48,83
48,85
48,86
48,88
48,89
48,91
48,97
48,102
48,60
48,106
48,116
48,190
48,120
48,121
48,126
49,131
49,135
49,137
49,140
49,143
49,151
49,152
49,132
49,154
49,161
49,166
49,167
49,168
49,171
49,50
49,179
49,53
49,54
49,55
49,56
49,159
49,188
49,190
49,192
49,193
49,195
49,68
49,73
49,75
49,76
49,162
49,79
49,89
49,93
49,96
49,59
49,101
49,102
49,107
49,109
49,111
49,113
49,114
49,147
49,116
49,119
49,121
49,169
49,123
49,125
50,129
50,132
50,144
50,145
50,146
50,131
50,154
50,155
50,133
50,161
50,177
50,168
50,170
50,171
50,172
50,176
50,179
50,54
50,55
50,56
50,57
50,186
50,60
50,63
50,193
50,66
50,68
50,70
50,74
50,78
50,80
50,84
50,87
50,88
50,92
50,95
50,96
50,59
50,101
50,103
50,105
50,108
50,112
50,114
50,120
50,124
50,126
50,127
51,129
51,132
51,64
51,137
51,151
51,148
51,174
51,150
51,157
51,158
51,162
51,163
51,156
51,170
51,171
51,172
51,173
51,178
51,179
51,180
51,181
51,183
51,186
51,59
51,192
51,66
51,197
51,71
51,74
51,55
51,76
51,77
51,86
51,88
51,90
51,94
51,97
51,101
51,103
51,104
51,144
51,108
51,112
51,114
51,118
51,119
51,153
51,122
51,124
51,106
52,131
52,134
52,137
52,151
52,140
52,141
52,149
52,173
52,152
52,153
52,156
52,159
52,174
52,178
52,181
52,182
52,184
52,57
52,58
52,59
52,60
52,138
52,63
52,193
52,194
52,195
52,196
52,69
52,72
52,75
52,78
52,56
52,82
52,84
52,87
52,89
52,143
52,92
52,93
52,101
52,96
52,99
52,166
52,188
52,107
52,109
52,111
52,116
52,119
52,148
52,191
53,129
53,132
53,134
53,138
53,139
53,194
53,143
53,88
53,146
53,150
53,155
53,156
53,164
53,165
53,177
53,169
53,171
53,172
53,175
53,176
53,179
53,180
53,54
53,183
53,184
53,185
53,58
53,95
53,60
53,191
53,160
53,66
53,69
53,73
53,55
53,78
53,80
53,56
53,82
53,83
53,87
53,197
53,89
53,91
53,92
53,186
53,94
53,182
53,97
53,98
53,188
53,109
53,110
53,113
53,114
53,116
53,117
53,118
53,153
53,122
53,123
53,125
53,127
54,128
54,131
54,133
54,137
54,138
54,139
54,153
54,156
54,160
54,161
54,155
54,164
54,168
54,169
54,170
54,172
54,175
54,132
54,185
54,186
54,159
54,60
54,189
54,62
54,191
54,192
54,193
54,67
54,196
54,71
54,73
54,78
54,81
54,82
54,85
54,88
54,90
54,91
54,94
54,98
54,108
54,147
54,190
54,118
54,119
54,120
54,121
54,122
54,124
55,130
55,139
55,175
55,143
55,144
55,152
55,146
55,148
55,151
55,197
55,163
55,164
55,166
55,177
55,171
55,172
55,174
55,176
55,158
55,182
55,184
55,185
55,58
55,61
55,169
55,64
55,181
55,69
55,76
55,84
55,89
55,93
55,94
55,95
55,97
55,104
55,105
55,108
55,109
55,110
55,112
55,115
55,117
55,119
55,120
55,123
55,125
55,126
55,127
56,128
56,149
56,138
56,140
56,174
56,150
56,151
56,152
56,175
56,160
56,58
56,165
56,167
56,171
56,172
56,176
56,179
56,182
56,137
56,184
56,186
56,59
56,189
56,62
56,191
56,65
56,66
56,139
56,71
56,73
56,74
56,80
56,81
56,82
56,83
56,88
56,93
56,94
56,95
56,100
56,166
56,102
56,103
56,104
56,105
56,106
56,107
56,110
56,114
56,116
56,120
56,121
56,123
56,126
56,127
57,171
57,132
57,134
57,140
57,147
57,153
57,155
57,156
57,161
57,162
57,167
57,168
57,170
57,179
57,181
57,169
57,184
57,180
57,58
57,159
57,189
57,62
57,63
57,192
57,96
57,66
57,197
57,194
57,73
57,75
57,85
57,87
57,164
57,93
57,94
57,100
57,102
57,104
57,105
57,106
57,107
57,113
57,114
57,116
57,118
57,119
57,122
57,126
58,129
58,150
58,134
58,156
58,139
58,60
58,145
58,153
58,158
58,159
58,161
58,162
58,168
58,173
58,178
58,138
58,186
58,151
58,189
58,62
58,191
58,68
58,182
58,71
58,72
58,140
58,75
58,77
58,82
58,84
58,85
58,90
58,93
58,94
58,95
58,99
58,101
58,103
58,105
58,106
58,107
58,109
58,117
58,121
58,122
58,126
59,129
59,130
59,131
59,134
59,193
59,136
59,137
59,132
59,141
59,143
59,147
59,151
59,152
59,68
59,155
59,156
59,169
59,71
59,172
59,174
59,176
59,183
59,185
59,186
59,168
59,190
59,65
59,196
59,69
59,161
59,73
59,76
59,184
59,79
59,81
59,84
59,78
59,86
59,87
59,95
59,99
59,105
59,109
59,111
59,113
59,114
59,120
59,121
59,122
59,85
60,128
60,135
60,136
60,138
60,139
60,142
60,144
60,146
60,149
60,157
60,159
60,155
60,164
60,165
60,170
60,171
60,172
60,175
60,176
60,177
60,179
60,189
60,190
60,63
60,192
60,193
60,194
60,67
60,68
60,70
60,181
60,79
60,87
60,91
60,92
60,95
60,96
60,98
60,99
60,145
60,106
60,108
60,110
60,61
60,113
60,114
60,115
60,62
60,153
60,121
60,123
60,125
60,127
61,171
61,132
61,133
61,135
61,136
61,172
61,138
61,87
61,141
61,143
61,144
61,154
61,155
61,156
61,159
61,193
61,161
61,162
61,164
61,168
61,170
61,176
61,173
61,175
61,183
61,184
61,163
61,134
61,63
61,192
61,65
61,69
61,75
61,78
61,83
61,84
61,86
61,121
61,160
61,92
61,166
61,102
61,103
61,107
61,110
61,111
61,112
61,113
61,62
61,119
61,120
61,123
62,129
62,136
62,147
62,152
62,175
62,156
62,157
62,158
62,159
62,160
62,172
62,178
62,138
62,192
62,194
62,67
62,68
62,69
62,71
62,74
62,77
62,81
62,84
62,185
62,90
62,95
62,97
62,100
62,102
62,104
62,106
62,111
62,116
62,189
62,123
62,124
62,170
63,64
63,132
63,133
63,135
63,136
63,137
63,87
63,66
63,143
63,88
63,149
63,157
63,162
63,163
63,168
63,174
63,180
63,179
63,183
63,190
63,192
63,194
63,67
63,70
63,73
63,74
63,78
63,79
63,81
63,83
63,84
63,142
63,86
63,185
63,176
63,92
63,94
63,96
63,97
63,100
63,104
63,106
63,129
63,111
63,112
63,114
63,118
63,169
63,121
63,122
63,123
64,128
64,130
64,132
64,134
64,129
64,140
64,141
64,146
64,131
64,148
64,149
64,151
64,156
64,167
64,162
64,164
64,166
64,169
64,170
64,173
64,174
64,176
64,177
64,178
64,180
64,181
64,182
64,137
64,184
64,187
64,190
64,193
64,67
64,196
64,69
64,80
64,85
64,86
64,93
64,96
64,100
64,103
64,104
64,107
64,110
64,111
64,113
64,115
64,116
64,121
64,136
65,128
65,129
65,130
65,132
65,136
65,138
65,139
65,141
65,144
65,147
65,151
65,152
65,196
65,155
65,154
65,160
65,161
65,163
65,165
65,166
65,169
65,178
65,179
65,182
65,188
65,191
65,66
65,67
65,68
65,69
65,71
65,73
65,75
65,76
65,184
65,80
65,81
65,82
65,85
65,87
65,89
65,90
65,94
65,95
65,98
65,100
65,106
65,107
65,110
65,111
65,157
65,113
65,118
65,121
65,122
65,123
66,134
66,129
66,138
66,140
66,141
66,144
66,146
66,147
66,148
66,151
66,154
66,161
66,156
66,178
66,175
66,176
66,180
66,182
66,187
66,128
66,67
66,68
66,197
66,70
66,76
66,80
66,82
66,87
66,89
66,90
66,91
66,92
66,94
66,96
66,101
66,102
66,105
66,107
66,108
66,110
66,112
66,117
66,169
66,122
66,125
66,126
67,129
67,143
67,144
67,150
67,153
67,155
67,69
67,160
67,163
67,164
67,165
67,170
67,173
67,174
67,175
67,180
67,181
67,182
67,184
67,185
67,186
67,192
67,70
67,73
67,75
67,78
67,79
67,83
67,92
67,94
67,97
67,99
67,100
67,188
67,106
67,109
67,117
67,119
67,148
67,125
67,127
68,131
68,135
68,136
68,161
68,115
68,152
68,147
68,148
68,151
68,154
68,175
68,159
68,163
68,165
68,166
68,177
68,169
68,171
68,178
68,179
68,180
68,181
68,183
68,191
68,192
68,195
68,118
68,70
68,71
68,73
68,75
68,79
68,84
68,85
68,86
68,88
68,92
68,94
68,96
68,100
68,101
68,145
68,104
68,105
68,167
68,108
68,111
68,112
68,119
68,137
68,124
68,125
68,126
69,128
69,131
69,133
69,135
69,138
69,144
69,151
69,152
69,153
69,155
69,156
69,163
69,167
69,168
69,171
69,172
69,173
69,175
69,178
69,137
69,181
69,194
69,195
69,70
69,71
69,73
69,74
69,76
69,142
69,89
69,91
69,98
69,104
69,105
69,114
69,117
69,122
69,123
69,124
69,126
70,132
70,135
70,141
70,144
70,153
70,152
70,154
70,156
70,157
70,197
70,164
70,165
70,133
70,173
70,178
70,179
70,94
70,182
70,183
70,185
70,189
70,134
70,191
70,192
70,193
70,196
70,71
70,75
70,77
70,82
70,99
70,84
70,121
70,89
70,90
70,91
70,137
70,95
70,98
70,103
70,104
70,188
70,108
70,110
70,111
70,168
70,114
70,115
70,160
70,148
70,125
70,126
71,128
71,133
71,141
71,146
71,147
71,150
71,196
71,155
71,161
71,165
71,166
71,168
71,172
71,173
71,174
71,175
71,178
71,181
71,182
71,191
71,164
71,72
71,74
71,78
71,79
71,81
71,82
71,84
71,89
71,167
71,92
71,93
71,94
71,95
71,96
71,100
71,103
71,104
71,107
71,113
71,115
71,119
71,124
71,126
72,129
72,155
72,137
72,142
72,131
72,149
72,152
72,153
72,154
72,159
72,134
72,172
72,173
72,174
72,177
72,179
72,182
72,183
72,189
72,193
72,196
72,74
72,81
72,163
72,84
72,85
72,86
72,105
72,89
72,91
72,93
72,94
72,165
72,97
72,98
72,99
72,100
72,104
72,161
72,106
72,109
72,116
72,117
72,108
72,119
72,120
72,122
72,123
72,125
73,132
73,133
73,193
73,137
73,138
73,139
73,140
73,141
73,173
73,144
73,146
73,150
73,151
73,154
73,155
73,168
73,174
73,178
73,182
73,183
73,187
73,188
73,74
73,75
73,77
73,78
73,81
73,92
73,93
73,97
73,100
73,102
73,103
73,106
73,107
73,112
73,114
73,115
73,120
73,121
74,134
74,135
74,136
74,172
74,138
74,141
74,143
74,131
74,149
74,151
74,152
74,155
74,156
74,197
74,161
74,164
74,166
74,167
74,170
74,174
74,180
74,187
74,77
74,80
74,83
74,88
74,91
74,98
74,100
74,101
74,145
74,106
74,107
74,111
74,112
74,113
74,114
74,118
74,119
74,120
74,125
74,126
74,127
75,130
75,131
75,138
75,143
75,144
75,147
75,151
75,152
75,156
75,167
75,193
75,135
75,175
75,177
75,179
75,181
75,183
75,187
75,191
75,195
75,76
75,79
75,82
75,83
75,185
75,88
75,89
75,90
75,99
75,101
75,105
75,109
75,113
75,115
75,120
75,122
75,125
75,127
76,128
76,129
76,132
76,179
76,135
76,136
76,145
76,149
76,150
76,151
76,155
76,158
76,161
76,165
76,170
76,173
76,174
76,177
76,181
76,185
76,188
76,189
76,139
76,197
76,77
76,83
76,85
76,88
76,99
76,100
76,102
76,103
76,104
76,167
76,109
76,112
76,113
76,115
76,187
76,118
76,120
76,148
76,124
76,125
76,126
76,127
77,128
77,131
77,132
77,133
77,139
77,144
77,145
77,146
77,148
77,154
77,158
77,159
77,160
77,161
77,166
77,176
77,178
77,180
77,184
77,189
77,192
77,196
77,197
77,78
77,81
77,84
77,87
77,89
77,90
77,143
77,98
77,99
77,101
77,102
77,103
77,104
77,106
77,107
77,109
77,110
77,114
77,120
77,122
77,123
77,125
77,126
78,133
78,129
78,138
78,140
78,130
78,142
78,173
78,144
78,151
78,152
78,153
78,154
78,150
78,164
78,163
78,166
78,168
78,177
78,183
78,180
78,159
78,192
78,194
78,195
78,197
78,79
78,184
78,83
78,139
78,85
78,86
78,87
78,89
78,95
78,99
78,102
78,105
78,107
78,108
78,157
78,116
78,121
78,170
78,127
79,130
79,131
79,132
79,136
79,140
79,143
79,148
79,149
79,151
79,152
79,154
79,159
79,160
79,162
79,163
79,164
79,165
79,170
79,173
79,175
79,178
79,179
79,180
79,183
79,184
79,185
79,186
79,189
79,197
79,161
79,177
79,82
79,83
79,84
79,87
79,89
79,91
79,135
79,187
79,103
79,104
79,167
79,110
79,117
79,121
79,123
79,124
80,128
80,132
80,133
80,137
80,138
80,145
80,147
80,150
80,153
80,152
80,154
80,157
80,159
80,162
80,165
80,171
80,173
80,178
80,179
80,185
80,186
80,188
80,191
80,196
80,161
80,81
80,87
80,89
80,91
80,92
80,96
80,97
80,101
80,104
80,107
80,108
80,109
80,110
80,111
80,112
80,168
80,114
80,115
80,118
80,119
80,121
80,124
80,125
80,126
80,127
81,128
81,134
81,135
81,136
81,137
81,138
81,139
81,144
81,145
81,146
81,147
81,151
81,156
81,157
81,159
81,160
81,166
81,168
81,170
81,173
81,174
81,175
81,177
81,180
81,181
81,182
81,183
81,185
81,191
81,194
81,82
81,86
81,87
81,88
81,89
81,90
81,93
81,96
81,97
81,187
81,101
81,102
81,107
81,110
81,114
81,118
81,120
81,121
81,122
81,127
82,128
82,130
82,145
82,147
82,148
82,149
82,154
82,150
82,133
82,161
82,162
82,166
82,170
82,151
82,179
82,180
82,183
82,184
82,188
82,189
82,190
82,191
82,181
82,196
82,85
82,87
82,88
82,92
82,93
82,95
82,99
82,105
82,106
82,109
82,113
82,114
82,115
82,116
82,118
82,120
82,123
82,127
83,128
83,130
83,136
83,141
83,142
83,148
83,189
83,152
83,153
83,156
83,160
83,166
83,168
83,172
83,173
83,175
83,177
83,178
83,187
83,188
83,190
83,140
83,184
83,84
83,87
83,89
83,91
83,93
83,94
83,95
83,96
83,99
83,100
83,103
83,104
83,108
83,110
83,111
83,112
83,114
83,116
83,117
83,118
83,120
83,121
83,191
83,127
84,128
84,132
84,135
84,139
84,130
84,143
84,148
84,153
84,157
84,165
84,166
84,174
84,176
84,177
84,179
84,158
84,184
84,189
84,193
84,195
84,197
84,86
84,89
84,91
84,92
84,95
84,144
84,99
84,101
84,103
84,104
84,105
84,107
84,108
84,110
84,112
84,119
84,124
84,126
84,127
85,129
85,132
85,133
85,136
85,137
85,140
85,158
85,159
85,160
85,164
85,166
85,156
85,171
85,174
85,173
85,175
85,184
85,196
85,135
85,86
85,185
85,90
85,92
85,96
85,100
85,102
85,103
85,104
85,106
85,109
85,111
85,117
85,169
85,121
85,122
85,123
85,127
86,135
86,138
86,139
86,192
86,142
86,143
86,151
86,196
86,154
86,155
86,157
86,158
86,168
86,171
86,159
86,179
86,180
86,182
86,184
86,188
86,191
86,197
86,87
86,91
86,96
86,144
86,98
86,99
86,102
86,106
86,110
86,114
86,115
86,116
86,123
86,127
87,128
87,131
87,134
87,141
87,173
87,145
87,147
87,174
87,150
87,153
87,175
87,149
87,160
87,162
87,135
87,172
87,176
87,178
87,179
87,182
87,183
87,184
87,185
87,188
87,193
87,195
87,196
87,197
87,89
87,90
87,93
87,96
87,99
87,101
87,102
87,103
87,104
87,171
87,108
87,109
87,112
87,113
87,118
87,120
87,121
87,123
87,124
88,129
88,132
88,136
88,141
88,142
88,144
88,145
88,151
88,152
88,153
88,163
88,164
88,170
88,171
88,175
88,185
88,188
88,182
88,161
88,140
88,90
88,91
88,95
88,104
88,105
88,106
88,107
88,113
88,117
88,120
88,122
88,124
88,126
89,94
89,98
89,99
89,101
89,104
89,106
89,108
89,114
89,118
89,125
89,128
89,131
89,133
89,135
89,136
89,137
89,142
89,143
89,144
89,148
89,149
89,153
89,154
89,156
89,157
89,158
89,159
89,161
89,163
89,168
89,169
89,173
89,175
89,176
89,178
89,179
89,183
89,185
89,191
89,192
89,194
89,197
90,179
90,193
90,140
90,194
90,142
90,146
90,148
90,152
90,153
90,155
90,154
90,159
90,162
90,165
90,166
90,167
90,170
90,171
90,175
90,177
90,178
90,183
90,188
90,189
90,196
90,197
90,156
90,92
90,93
90,94
90,95
90,105
90,110
90,114
90,190
90,118
90,121
90,125
90,126
90,127
91,132
91,150
91,135
91,172
91,194
91,142
91,146
91,149
91,154
91,158
91,167
91,171
91,173
91,179
91,185
91,186
91,187
91,134
91,139
91,161
91,164
91,93
91,94
91,98
91,195
91,108
91,110
91,111
91,113
91,114
91,116
91,118
91,122
91,191
91,125
91,126
91,127
92,131
92,132
92,133
92,136
92,194
92,142
92,144
92,145
92,146
92,150
92,153
92,154
92,158
92,161
92,162
92,163
92,168
92,171
92,173
92,177
92,181
92,183
92,184
92,185
92,186
92,187
92,192
92,130
92,141
92,94
92,95
92,96
92,165
92,99
92,102
92,103
92,104
92,106
92,114
92,115
92,118
92,122
92,195
92,126
92,127
93,192
93,132
93,133
93,135
93,137
93,138
93,139
93,140
93,147
93,148
93,152
93,155
93,157
93,160
93,161
93,162
93,165
93,169
93,171
93,177
93,178
93,179
93,186
93,193
93,194
93,141
93,184
93,100
93,96
93,131
93,101
93,102
93,112
93,168
93,114
93,115
93,118
93,124
93,126
94,130
94,132
94,133
94,193
94,173
94,145
94,146
94,147
94,149
94,151
94,154
94,161
94,163
94,164
94,166
94,172
94,176
94,177
94,182
94,186
94,138
94,194
94,197
94,162
94,139
94,95
94,99
94,101
94,106
94,110
94,112
94,114
94,115
94,116
94,118
94,122
94,127
95,131
95,132
95,142
95,143
95,145
95,146
95,150
95,153
95,155
95,158
95,159
95,99
95,164
95,165
95,171
95,174
95,178
95,179
95,180
95,194
95,184
95,187
95,101
95,103
95,106
95,109
95,110
95,116
95,119
95,120
95,122
95,123
95,124
96,192
96,131
96,137
96,138
96,139
96,141
96,145
96,158
96,160
96,161
96,129
96,169
96,170
96,172
96,180
96,181
96,182
96,185
96,186
96,193
96,196
96,135
96,152
96,101
96,104
96,109
96,110
96,112
96,119
96,120
96,121
96,122
96,191
96,127
97,128
97,150
97,134
97,172
97,138
97,139
97,143
97,145
97,147
97,148
97,174
97,151
97,179
97,155
97,156
97,158
97,160
97,166
97,171
97,181
97,182
97,183
97,190
97,196
97,161
97,162
97,163
97,135
97,195
97,106
97,111
97,140
97,117
97,118
97,120
97,122
97,125
97,126
97,127
98,132
98,134
98,193
98,144
98,149
98,151
98,163
98,166
98,171
98,174
98,175
98,176
98,177
98,179
98,180
98,184
98,186
98,190
98,181
98,195
98,100
98,101
98,104
98,106
98,113
98,114
98,116
98,117
98,119
98,122
99,130
99,131
99,137
99,139
99,143
99,145
99,147
99,150
99,156
99,157
99,163
99,167
99,171
99,172
99,174
99,179
99,185
99,186
99,188
99,190
99,193
99,141
99,102
99,104
99,106
99,107
99,108
99,109
99,168
99,114
99,117
99,120
99,127
100,128
100,129
100,130
100,133
100,135
100,138
100,140
100,143
100,144
100,146
100,147
100,148
100,150
100,151
100,160
100,165
100,174
100,177
100,178
100,181
100,163
100,187
100,188
100,195
100,184
100,185
100,101
100,103
100,104
100,107
100,109
100,112
100,114
100,124
100,125
100,149
101,130
101,179
101,132
101,136
101,138
101,140
101,173
101,147
101,151
101,152
101,159
101,161
101,162
101,163
101,171
101,174
101,158
101,187
101,190
101,191
101,192
101,194
101,195
101,196
101,197
101,144
101,103
101,104
101,109
101,110
101,111
101,157
101,113
101,114
101,115
101,118
101,122
101,126
101,127
102,131
102,135
102,137
102,140
102,141
102,144
102,146
102,147
102,148
102,153
102,152
102,155
102,156
102,157
102,158
102,163
102,177
102,171
102,172
102,186
102,191
102,193
102,197
102,103
102,106
102,116
102,118
102,119
102,120
102,124
103,129
103,130
103,131
103,134
103,138
103,140
103,142
103,145
103,147
103,149
103,159
103,160
103,163
103,169
103,170
103,175
103,183
103,187
103,188
103,190
103,191
103,197
103,162
103,186
103,192
103,161
103,106
103,107
103,108
103,109
103,189
103,112
103,114
103,116
103,118
103,148
103,125
104,105
104,108
104,112
104,113
104,115
104,117
104,118
104,120
104,123
104,124
104,126
104,127
104,128
104,129
104,135
104,139
104,140
104,144
104,145
104,149
104,150
104,151
104,155
104,156
104,157
104,159
104,161
104,163
104,164
104,171
104,180
104,181
104,185
104,186
104,189
104,191
104,193
104,194
104,195
104,197
105,129
105,136
105,194
105,143
105,149
105,150
105,154
105,160
105,162
105,155
105,164
105,156
105,172
105,173
105,175
105,176
105,177
105,179
105,184
105,188
105,190
105,191
105,193
105,121
105,145
105,107
105,111
105,114
105,115
105,148
105,125
106,132
106,133
106,136
106,140
106,141
106,142
106,153
106,152
106,154
106,155
106,160
106,167
106,171
106,174
106,177
106,179
106,180
106,181
106,183
106,192
106,194
106,163
106,143
106,107
106,110
106,111
106,168
106,115
106,122
106,123
106,124
106,127
107,135
107,137
107,139
107,140
107,130
107,173
107,144
107,148
107,149
107,154
107,156
107,159
107,164
107,167
107,170
107,171
107,175
107,176
107,192
107,179
107,181
107,183
107,186
107,193
107,195
107,147
107,197
107,165
107,109
107,110
107,189
107,114
107,169
107,120
107,122
107,123
107,124
107,125
107,127
108,129
108,130
108,131
108,133
108,138
108,143
108,152
108,149
108,175
108,164
108,167
108,170
108,171
108,179
108,183
108,189
108,190
108,193
108,195
108,197
108,161
108,163
108,182
108,109
108,113
108,114
108,116
108,119
108,121
108,122
108,125
108,127
109,129
109,132
109,136
109,137
109,138
109,139
109,143
109,144
109,145
109,195
109,149
109,150
109,154
109,160
109,161
109,162
109,163
109,164
109,177
109,175
109,178
109,181
109,180
109,186
109,189
109,190
109,191
109,192
109,196
109,197
109,187
109,117
109,119
109,124
110,192
110,131
110,134
110,136
110,138
110,144
110,147
110,154
110,155
110,157
110,158
110,160
110,161
110,156
110,170
110,171
110,174
110,175
110,176
110,178
110,180
110,186
110,187
110,190
110,195
110,196
110,111
110,114
110,116
110,118
110,119
110,124
110,126
110,127
111,134
111,135
111,136
111,140
111,145
111,146
111,131
111,150
111,155
111,161
111,162
111,180
111,193
111,156
111,172
111,178
111,179
111,185
111,175
111,194
111,191
111,115
111,116
111,123
111,166
111,127
112,172
112,130
112,131
112,133
112,140
112,143
112,144
112,152
112,156
112,158
112,166
112,168
112,169
112,170
112,159
112,173
112,175
112,177
112,185
112,187
112,188
112,181
112,183
112,115
112,135
112,174
112,118
112,121
112,124
112,125
113,129
113,130
113,131
113,136
113,151
113,140
113,142
113,143
113,146
113,147
113,171
113,150
113,153
113,152
113,154
113,155
113,156
113,161
113,169
113,176
113,178
113,181
113,189
113,192
113,160
113,196
113,164
113,148
113,187
113,188
113,115
113,117
113,121
113,125
113,126
114,130
114,131
114,132
114,133
114,134
114,136
114,144
114,145
114,150
114,152
114,157
114,160
114,165
114,166
114,135
114,173
114,175
114,176
114,194
114,178
114,117
114,191
114,125
114,126
114,127
115,192
115,137
115,138
115,139
115,144
115,145
115,147
115,148
115,157
115,162
115,163
115,164
115,165
115,166
115,177
115,180
115,182
115,183
115,185
115,186
115,191
115,194
115,196
115,197
115,121
115,167
115,116
115,117
115,119
115,120
115,136
115,123
116,128
116,150
116,136
116,139
116,140
116,143
116,145
116,148
116,154
116,162
116,167
116,170
116,173
116,175
116,185
116,159
116,188
116,189
116,196
116,118
116,119
116,122
116,123
116,124
116,127
117,129
117,132
117,135
117,141
117,142
117,146
117,195
117,150
117,151
117,159
117,160
117,164
117,167
117,156
117,171
117,174
117,157
117,176
117,180
117,181
117,134
117,185
117,188
117,189
117,190
117,193
117,197
117,161
117,121
117,123
117,126
117,127
118,128
118,133
118,134
118,139
118,140
118,141
118,158
118,144
118,146
118,149
118,185
118,179
118,160
118,161
118,164
118,171
118,173
118,178
118,186
118,159
118,191
118,196
118,182
118,169
118,121
118,170
118,127
119,128
119,131
119,135
119,139
119,130
119,142
119,143
119,144
119,145
119,146
119,195
119,149
119,156
119,159
119,164
119,165
119,167
119,168
119,169
119,182
119,186
119,193
119,147
119,171
119,124
119,125
119,126
120,130
120,131
120,135
120,136
120,139
120,144
120,150
120,153
120,156
120,157
120,158
120,160
120,162
120,165
120,167
120,171
120,179
120,185
120,188
120,190
120,192
120,193
120,196
120,182
120,121
120,122
120,126
121,129
121,130
121,132
121,138
121,141
121,142
121,149
121,153
121,155
121,157
121,159
121,176
121,169
121,184
121,195
121,144
121,192
121,127
121,146
121,122
121,124
121,126
122,128
122,136
122,139
122,140
122,143
122,146
122,148
122,149
122,150
122,151
122,154
122,155
122,157
122,159
122,165
122,166
122,171
122,174
122,176
122,177
122,178
122,180
122,184
122,186
122,187
122,190
122,192
122,160
122,196
122,123
123,134
123,137
123,140
123,145
123,146
123,150
123,151
123,156
123,154
123,133
123,163
123,164
123,172
123,173
123,175
123,179
123,183
123,185
123,187
123,188
123,192
123,197
123,190
123,159
123,165
123,148
123,127
124,131
124,132
124,134
124,136
124,138
124,139
124,151
124,152
124,196
124,158
124,197
124,162
124,163
124,166
124,173
124,175
124,176
124,177
124,179
124,180
124,159
124,191
124,192
124,140
124,156
124,168
124,190
124,153
124,125
124,126
125,128
125,129
125,136
125,194
125,142
125,147
125,149
125,155
125,164
125,165
125,135
125,173
125,174
125,183
125,187
125,196
125,145
125,143
125,126
126,136
126,137
126,139
126,140
126,151
126,159
126,160
126,176
126,162
126,164
126,163
126,166
126,145
126,135
126,177
126,180
126,181
126,182
126,186
126,191
126,193
126,195
126,144
127,172
127,130
127,136
127,137
127,138
127,139
127,140
127,142
127,157
127,158
127,133
127,166
127,168
127,169
127,177
127,179
127,180
127,186
127,189
127,181
127,192
127,194
127,196
127,162
127,191
127,171
127,167
127,146
128,192
128,131
128,133
128,151
128,142
128,143
128,148
128,153
128,184
128,150
128,160
128,161
128,162
128,164
128,165
128,166
128,135
128,173
128,174
128,175
128,176
128,178
128,158
128,185
128,193
128,195
128,196
128,197
128,156
128,157
129,138
129,140
129,141
129,142
129,146
129,149
129,150
129,154
129,155
129,163
129,164
129,168
129,170
129,176
129,178
129,182
129,188
129,189
129,196
129,143
129,186
129,174
129,157
130,151
130,146
130,147
130,149
130,156
130,154
130,158
130,161
130,155
130,165
130,169
130,171
130,175
130,182
130,186
130,191
130,194
130,195
130,196
130,162
131,171
131,134
131,136
131,138
131,140
131,143
131,145
131,156
131,158
131,160
131,164
131,167
131,172
131,173
131,174
131,175
131,176
131,178
131,179
131,181
131,182
131,183
131,184
131,185
131,190
131,191
131,192
131,161
131,180
132,134
132,135
132,136
132,142
132,143
132,148
132,149
132,151
132,175
132,160
132,161
132,162
132,164
132,167
132,169
132,171
132,173
132,180
132,183
132,184
132,185
132,193
132,139
132,196
132,197
132,191
132,152
132,178
133,136
133,138
133,146
133,147
133,148
133,150
133,158
133,162
133,165
133,171
133,173
133,174
133,177
133,180
133,188
133,190
133,192
133,193
133,191
133,189
134,140
134,142
134,143
134,148
134,149
134,159
134,161
134,164
134,165
134,166
134,169
134,171
134,175
134,176
134,177
134,192
134,179
134,183
134,187
134,188
134,189
134,191
134,193
134,181
134,157
134,136
135,138
135,147
135,151
135,152
135,196
135,154
135,159
135,165
135,167
135,178
135,179
135,180
135,181
135,184
135,187
135,188
135,189
135,190
135,139
135,153
135,136
135,191
135,143
136,138
136,139
136,148
136,156
136,161
136,162
136,163
136,166
136,140
136,171
136,172
136,174
136,157
136,179
136,181
136,182
136,183
136,191
136,195
136,197
136,168
136,159
137,138
137,141
137,146
137,149
137,150
137,156
137,159
137,155
137,175
137,176
137,178
137,185
137,186
137,190
137,184
137,145
137,169
138,139
138,140
138,150
138,152
138,197
138,164
138,165
138,166
138,167
138,173
138,177
138,183
138,184
138,185
138,181
138,192
138,193
138,143
138,168
138,170
139,141
139,143
139,144
139,146
139,147
139,148
139,149
139,152
139,154
139,155
139,176
139,162
139,166
139,170
139,175
139,177
139,178
139,179
139,183
139,189
139,194
139,195
139,197
139,186
139,188
140,145
140,142
140,144
140,148
140,149
140,150
140,151
140,153
140,155
140,156
140,158
140,180
140,171
140,173
140,179
140,182
140,183
140,185
140,187
140,188
140,190
140,193
140,194
140,143
141,192
141,144
141,147
141,151
141,152
141,160
141,162
141,159
141,173
141,176
141,177
141,181
141,182
141,187
141,188
141,195
141,196
141,197
141,189
142,149
142,152
142,154
142,158
142,176
142,162
142,165
142,171
142,172
142,178
142,179
142,182
142,185
142,186
142,196
142,197
142,188
142,167
143,145
143,153
143,155
143,175
143,160
143,163
143,166
143,172
143,173
143,178
143,184
143,185
143,186
143,187
143,189
143,195
143,157
143,191
144,151
144,154
144,156
144,157
144,160
144,170
144,175
144,188
144,193
144,195
144,196
144,163
144,149
145,150
145,154
145,175
145,156
145,159
145,163
145,167
145,168
145,169
145,172
145,177
145,178
145,180
145,181
145,182
145,185
145,187
145,190
145,196
145,165
146,194
146,147
146,149
146,153
146,152
146,158
146,161
146,159
146,173
146,184
146,187
146,189
146,196
146,183
146,167
146,195
147,154
147,157
147,159
147,164
147,168
147,171
147,173
147,175
147,176
147,177
147,178
147,191
147,194
147,197
147,161
147,193
147,160
148,172
148,195
148,149
148,152
148,155
148,156
148,157
148,180
148,167
148,168
148,171
148,177
148,184
148,185
148,186
148,187
148,192
148,193
148,194
148,197
148,176
148,166
149,150
149,152
149,156
149,162
149,164
149,172
149,173
149,178
149,179
149,180
149,181
149,184
149,186
149,187
149,190
149,192
149,193
149,161
150,152
150,153
150,155
150,157
150,158
150,159
150,161
150,163
150,169
150,170
150,174
150,178
150,185
150,189
150,192
150,193
150,196
150,182
150,183
150,186
151,153
151,179
151,161
151,164
151,165
151,193
151,171
151,173
151,174
151,175
151,178
151,180
151,158
151,188
151,189
151,190
151,166
152,154
152,165
152,167
152,193
152,173
152,174
152,178
152,182
152,189
152,191
152,192
152,161
152,170
152,166
153,174
153,154
153,157
153,197
153,162
153,163
153,166
153,170
153,175
153,181
153,182
153,187
153,192
153,160
153,168
154,156
154,172
154,162
154,164
154,166
154,168
154,169
154,173
154,175
154,181
154,184
154,186
154,183
154,163
154,189
155,162
155,167
155,178
155,172
155,188
155,189
155,190
155,196
155,168
155,165
156,158
156,159
156,161
156,167
156,168
156,171
156,180
156,169
156,185
156,188
156,191
156,193
156,176
156,189
157,158
157,161
157,162
157,167
157,168
157,172
157,176
157,177
157,183
157,184
157,190
157,193
157,196
157,191
158,161
158,163
158,165
158,167
158,168
158,173
158,174
158,175
158,177
158,180
158,181
158,182
158,185
158,189
158,192
158,195
158,183
158,190
159,169
159,170
159,174
159,182
159,187
159,189
159,193
159,194
159,177
159,183
160,161
160,162
160,163
160,168
160,172
160,175
160,177
160,180
160,188
160,189
160,194
160,196
161,175
161,168
161,193
161,173
161,174
161,181
161,183
161,188
161,190
161,196
161,186
161,165
162,164
162,165
162,166
162,167
162,176
162,175
162,182
162,184
162,187
162,190
162,193
162,195
162,197
163,196
163,174
163,191
163,164
163,165
163,173
163,182
163,183
163,184
163,187
164,192
164,165
164,170
164,172
164,173
164,174
164,179
164,186
164,187
164,188
164,189
164,193
164,194
164,182
164,195
164,178
164,171
165,166
165,172
165,174
165,177
165,185
165,191
165,194
165,195
165,175
166,171
166,172
166,173
166,177
166,182
166,184
166,185
166,191
166,194
166,195
166,189
167,169
167,171
167,175
167,176
167,180
167,181
167,183
167,186
167,193
168,172
168,174
168,175
168,178
168,180
168,182
168,188
168,190
168,194
169,171
169,172
169,178
169,180
169,183
169,190
169,195
170,176
170,172
170,173
170,174
170,191
170,194
170,189
171,197
171,172
171,176
171,182
171,190
171,191
171,193
171,184
171,178
172,197
172,176
172,175
172,179
172,180
172,183
172,186
172,181
172,173
172,190
173,175
173,177
173,178
173,181
173,183
173,187
173,188
173,190
173,191
173,192
173,194
174,176
174,178
174,180
174,185
174,194
174,197
175,176
175,181
175,186
175,187
175,192
175,195
175,188
176,178
176,185
176,186
176,189
176,191
176,192
176,196
176,188
177,178
177,179
177,180
177,184
177,187
177,191
177,192
177,193
177,196
178,183
178,186
178,188
178,189
178,193
179,180
179,181
179,186
179,189
179,194
179,195
179,184
180,196
180,192
180,181
180,183
180,184
180,185
180,194
180,195
180,191
181,182
181,184
181,192
181,191
181,193
181,195
182,185
182,192
182,183
182,195
182,191
183,196
183,184
183,193
183,191
184,188
184,192
185,186
185,193
186,191
186,192
186,193
186,194
186,197
187,188
187,191
187,194
187,195
187,197
188,193
188,194
188,197
189,191
190,191
190,193
190,194
190,195
190,196
192,193
192,194
193,197
194,197
194,196
